f1 cdf
0 0
0.000000 0.001244
0.142857 0.002488
0.142857 0.003731
0.173913 0.004975
0.200000 0.006219
0.235294 0.007463
0.247788 0.008706
0.250000 0.009950
0.280000 0.011194
0.285714 0.012438
0.300000 0.013682
0.307692 0.014925
0.307692 0.016169
0.315789 0.017413
0.320000 0.018657
0.343949 0.019900
0.350000 0.021144
0.352941 0.022388
0.358209 0.023632
0.360656 0.024876
0.365079 0.026119
0.384615 0.027363
0.390244 0.028607
0.400000 0.029851
0.400000 0.031095
0.400000 0.032338
0.400000 0.033582
0.400000 0.034826
0.410959 0.036070
0.413793 0.037313
0.419355 0.038557
0.421053 0.039801
0.424242 0.041045
0.426230 0.042289
0.437956 0.043532
0.444444 0.044776
0.444444 0.046020
0.448980 0.047264
0.454545 0.048507
0.454545 0.049751
0.457143 0.050995
0.459770 0.052239
0.466667 0.053483
0.470588 0.054726
0.476190 0.055970
0.476190 0.057214
0.480000 0.058458
0.482759 0.059701
0.482759 0.060945
0.484848 0.062189
0.500000 0.063433
0.500000 0.064677
0.500000 0.065920
0.500000 0.067164
0.500000 0.068408
0.500000 0.069652
0.500000 0.070896
0.500000 0.072139
0.500000 0.073383
0.517647 0.074627
0.520548 0.075871
0.526316 0.077114
0.533333 0.078358
0.533333 0.079602
0.534884 0.080846
0.538462 0.082090
0.545455 0.083333
0.545455 0.084577
0.545455 0.085821
0.550000 0.087065
0.550725 0.088308
0.551724 0.089552
0.551724 0.090796
0.555556 0.092040
0.560000 0.093284
0.560000 0.094527
0.568421 0.095771
0.571429 0.097015
0.571429 0.098259
0.571429 0.099502
0.576271 0.100746
0.585366 0.101990
0.588235 0.103234
0.588235 0.104478
0.594595 0.105721
0.597403 0.106965
0.600000 0.108209
0.600000 0.109453
0.600000 0.110697
0.600000 0.111940
0.600000 0.113184
0.600000 0.114428
0.601942 0.115672
0.602740 0.116915
0.606061 0.118159
0.608696 0.119403
0.612245 0.120647
0.615385 0.121891
0.615385 0.123134
0.615385 0.124378
0.615385 0.125622
0.615385 0.126866
0.617284 0.128109
0.619048 0.129353
0.619048 0.130597
0.620690 0.131841
0.620690 0.133085
0.620690 0.134328
0.620690 0.135572
0.625000 0.136816
0.625000 0.138060
0.625000 0.139303
0.628931 0.140547
0.630137 0.141791
0.634615 0.143035
0.635417 0.144279
0.639456 0.145522
0.640000 0.146766
0.641509 0.148010
0.642857 0.149254
0.642857 0.150498
0.642857 0.151741
0.645161 0.152985
0.645161 0.154229
0.647059 0.155473
0.650602 0.156716
0.652174 0.157960
0.655738 0.159204
0.662338 0.160448
0.666667 0.161692
0.666667 0.162935
0.666667 0.164179
0.666667 0.165423
0.666667 0.166667
0.666667 0.167910
0.666667 0.169154
0.666667 0.170398
0.666667 0.171642
0.666667 0.172886
0.666667 0.174129
0.666667 0.175373
0.666667 0.176617
0.666667 0.177861
0.666667 0.179104
0.666667 0.180348
0.666667 0.181592
0.677966 0.182836
0.680851 0.184080
0.682353 0.185323
0.682927 0.186567
0.682927 0.187811
0.685714 0.189055
0.685714 0.190299
0.687500 0.191542
0.687500 0.192786
0.689655 0.194030
0.689655 0.195274
0.689655 0.196517
0.692308 0.197761
0.692308 0.199005
0.692308 0.200249
0.693333 0.201493
0.695652 0.202736
0.695652 0.203980
0.696970 0.205224
0.700000 0.206468
0.700000 0.207711
0.700000 0.208955
0.703704 0.210199
0.704545 0.211443
0.705882 0.212687
0.705882 0.213930
0.705882 0.215174
0.705882 0.216418
0.709677 0.217662
0.714286 0.218905
0.714286 0.220149
0.714286 0.221393
0.716418 0.222637
0.720000 0.223881
0.720000 0.225124
0.720000 0.226368
0.720000 0.227612
0.723404 0.228856
0.725490 0.230100
0.727273 0.231343
0.727273 0.232587
0.727273 0.233831
0.727273 0.235075
0.727273 0.236318
0.729412 0.237562
0.731707 0.238806
0.733333 0.240050
0.733333 0.241294
0.733333 0.242537
0.733333 0.243781
0.736842 0.245025
0.736842 0.246269
0.738462 0.247512
0.740741 0.248756
0.740741 0.250000
0.740741 0.251244
0.741573 0.252488
0.742857 0.253731
0.742857 0.254975
0.742857 0.256219
0.742857 0.257463
0.742857 0.258706
0.742857 0.259950
0.742857 0.261194
0.744186 0.262438
0.744186 0.263682
0.750000 0.264925
0.750000 0.266169
0.750000 0.267413
0.750000 0.268657
0.750000 0.269900
0.756098 0.271144
0.758621 0.272388
0.758621 0.273632
0.758621 0.274876
0.761905 0.276119
0.761905 0.277363
0.761905 0.278607
0.763636 0.279851
0.764706 0.281095
0.764706 0.282338
0.764706 0.283582
0.764706 0.284826
0.764706 0.286070
0.765957 0.287313
0.765957 0.288557
0.767932 0.289801
0.769231 0.291045
0.769231 0.292289
0.769231 0.293532
0.769231 0.294776
0.769231 0.296020
0.771930 0.297264
0.772487 0.298507
0.772727 0.299751
0.774194 0.300995
0.774194 0.302239
0.774194 0.303483
0.774194 0.304726
0.776119 0.305970
0.777778 0.307214
0.777778 0.308458
0.777778 0.309701
0.777778 0.310945
0.778947 0.312189
0.780488 0.313433
0.780488 0.314677
0.782609 0.315920
0.784314 0.317164
0.785047 0.318408
0.785714 0.319652
0.785714 0.320896
0.785714 0.322139
0.787879 0.323383
0.789474 0.324627
0.790698 0.325871
0.793103 0.327114
0.793651 0.328358
0.795181 0.329602
0.800000 0.330846
0.800000 0.332090
0.800000 0.333333
0.800000 0.334577
0.800000 0.335821
0.800000 0.337065
0.800000 0.338308
0.800000 0.339552
0.800000 0.340796
0.800000 0.342040
0.800000 0.343284
0.800000 0.344527
0.800000 0.345771
0.800000 0.347015
0.806452 0.348259
0.808511 0.349502
0.809524 0.350746
0.809524 0.351990
0.809917 0.353234
0.810811 0.354478
0.810811 0.355721
0.812500 0.356965
0.812500 0.358209
0.812500 0.359453
0.812500 0.360697
0.812500 0.361940
0.812500 0.363184
0.814815 0.364428
0.814815 0.365672
0.814815 0.366915
0.814815 0.368159
0.816901 0.369403
0.818182 0.370647
0.818966 0.371891
0.820513 0.373134
0.821429 0.374378
0.823529 0.375622
0.823529 0.376866
0.823529 0.378109
0.823529 0.379353
0.823529 0.380597
0.823529 0.381841
0.823529 0.383085
0.823529 0.384328
0.823529 0.385572
0.823529 0.386816
0.823529 0.388060
0.823529 0.389303
0.823529 0.390547
0.826087 0.391791
0.827586 0.393035
0.827586 0.394279
0.829268 0.395522
0.829268 0.396766
0.829268 0.398010
0.833333 0.399254
0.833333 0.400498
0.833333 0.401741
0.833333 0.402985
0.833333 0.404229
0.833333 0.405473
0.833333 0.406716
0.833333 0.407960
0.837209 0.409204
0.837607 0.410448
0.838710 0.411692
0.842105 0.412935
0.842105 0.414179
0.842105 0.415423
0.842105 0.416667
0.842105 0.417910
0.842105 0.419154
0.842105 0.420398
0.842105 0.421642
0.842105 0.422886
0.844444 0.424129
0.845070 0.425373
0.845361 0.426617
0.846154 0.427861
0.846154 0.429104
0.848485 0.430348
0.848485 0.431592
0.850000 0.432836
0.850000 0.434080
0.850000 0.435323
0.850000 0.436567
0.850000 0.437811
0.850000 0.439055
0.850000 0.440299
0.851064 0.441542
0.851064 0.442786
0.851852 0.444030
0.852459 0.445274
0.853333 0.446517
0.854701 0.447761
0.857143 0.449005
0.857143 0.450249
0.857143 0.451493
0.857143 0.452736
0.857143 0.453980
0.857143 0.455224
0.857143 0.456468
0.857143 0.457711
0.857143 0.458955
0.857143 0.460199
0.857143 0.461443
0.857143 0.462687
0.857143 0.463930
0.857143 0.465174
0.857143 0.466418
0.857143 0.467662
0.860215 0.468905
0.862069 0.470149
0.862745 0.471393
0.863636 0.472637
0.864865 0.473881
0.864865 0.475124
0.864865 0.476368
0.864865 0.477612
0.864865 0.478856
0.864865 0.480100
0.864865 0.481343
0.866667 0.482587
0.866667 0.483831
0.866667 0.485075
0.867925 0.486318
0.868687 0.487562
0.869565 0.488806
0.869565 0.490050
0.870588 0.491294
0.870968 0.492537
0.871795 0.493781
0.871795 0.495025
0.871795 0.496269
0.871795 0.497512
0.871795 0.498756
0.871795 0.500000
0.871795 0.501244
0.871795 0.502488
0.875000 0.503731
0.875000 0.504975
0.875000 0.506219
0.875000 0.507463
0.875000 0.508706
0.875000 0.509950
0.875000 0.511194
0.878049 0.512438
0.878049 0.513682
0.878049 0.514925
0.878049 0.516169
0.878049 0.517413
0.878049 0.518657
0.878049 0.519900
0.878049 0.521144
0.878049 0.522388
0.880000 0.523632
0.881356 0.524876
0.882353 0.526119
0.882353 0.527363
0.882883 0.528607
0.883721 0.529851
0.883721 0.531095
0.884615 0.532338
0.885714 0.533582
0.888889 0.534826
0.888889 0.536070
0.888889 0.537313
0.888889 0.538557
0.888889 0.539801
0.888889 0.541045
0.888889 0.542289
0.888889 0.543532
0.888889 0.544776
0.888889 0.546020
0.888889 0.547264
0.888889 0.548507
0.888889 0.549751
0.888889 0.550995
0.888889 0.552239
0.888889 0.553483
0.888889 0.554726
0.888889 0.555970
0.888889 0.557214
0.888889 0.558458
0.888889 0.559701
0.888889 0.560945
0.888889 0.562189
0.888889 0.563433
0.888889 0.564677
0.892857 0.565920
0.892857 0.567164
0.892857 0.568408
0.893617 0.569652
0.894737 0.570896
0.894737 0.572139
0.894737 0.573383
0.894737 0.574627
0.894737 0.575871
0.895522 0.577114
0.896552 0.578358
0.900000 0.579602
0.900000 0.580846
0.900000 0.582090
0.900000 0.583333
0.900000 0.584577
0.900000 0.585821
0.900000 0.587065
0.900000 0.588308
0.904762 0.589552
0.904762 0.590796
0.904762 0.592040
0.904762 0.593284
0.904762 0.594527
0.904762 0.595771
0.906250 0.597015
0.909091 0.598259
0.909091 0.599502
0.909091 0.600746
0.909091 0.601990
0.909091 0.603234
0.909091 0.604478
0.909091 0.605721
0.909091 0.606965
0.909091 0.608209
0.912281 0.609453
0.913043 0.610697
0.913043 0.611940
0.913043 0.613184
0.913043 0.614428
0.913043 0.615672
0.913043 0.616915
0.914286 0.618159
0.914286 0.619403
0.914286 0.620647
0.914286 0.621891
0.914286 0.623134
0.915254 0.624378
0.916667 0.625622
0.916667 0.626866
0.916667 0.628109
0.916667 0.629353
0.916667 0.630597
0.918919 0.631841
0.918919 0.633085
0.918919 0.634328
0.918919 0.635572
0.918919 0.636816
0.918919 0.638060
0.918919 0.639303
0.923077 0.640547
0.923077 0.641791
0.923077 0.643035
0.923077 0.644279
0.923077 0.645522
0.923077 0.646766
0.923077 0.648010
0.923077 0.649254
0.923077 0.650498
0.923077 0.651741
0.923077 0.652985
0.923077 0.654229
0.923077 0.655473
0.923077 0.656716
0.923077 0.657960
0.925926 0.659204
0.926829 0.660448
0.926829 0.661692
0.926829 0.662935
0.926829 0.664179
0.926829 0.665423
0.926829 0.666667
0.926829 0.667910
0.926829 0.669154
0.926829 0.670398
0.926829 0.671642
0.926829 0.672886
0.926829 0.674129
0.928571 0.675373
0.928571 0.676617
0.928571 0.677861
0.928571 0.679104
0.928571 0.680348
0.930233 0.681592
0.930233 0.682836
0.930233 0.684080
0.930233 0.685323
0.930233 0.686567
0.930233 0.687811
0.930233 0.689055
0.931034 0.690299
0.933333 0.691542
0.933333 0.692786
0.933333 0.694030
0.933333 0.695274
0.933333 0.696517
0.933333 0.697761
0.933333 0.699005
0.933333 0.700249
0.933333 0.701493
0.935484 0.702736
0.935484 0.703980
0.936170 0.705224
0.936170 0.706468
0.936170 0.707711
0.936170 0.708955
0.937500 0.710199
0.937500 0.711443
0.937500 0.712687
0.937500 0.713930
0.937500 0.715174
0.941176 0.716418
0.941176 0.717662
0.941176 0.718905
0.941176 0.720149
0.941176 0.721393
0.941176 0.722637
0.941176 0.723881
0.941176 0.725124
0.941176 0.726368
0.941176 0.727612
0.941176 0.728856
0.941176 0.730100
0.941176 0.731343
0.941176 0.732587
0.943396 0.733831
0.943396 0.735075
0.944444 0.736318
0.944444 0.737562
0.947368 0.738806
0.947368 0.740050
0.947368 0.741294
0.947368 0.742537
0.947368 0.743781
0.947368 0.745025
0.947368 0.746269
0.947368 0.747512
0.947368 0.748756
0.947368 0.750000
0.947368 0.751244
0.947368 0.752488
0.947368 0.753731
0.947368 0.754975
0.947368 0.756219
0.950000 0.757463
0.950000 0.758706
0.950000 0.759950
0.950000 0.761194
0.950000 0.762438
0.950000 0.763682
0.950000 0.764925
0.950000 0.766169
0.950000 0.767413
0.950000 0.768657
0.950000 0.769900
0.950000 0.771144
0.950000 0.772388
0.950000 0.773632
0.950000 0.774876
0.950000 0.776119
0.950000 0.777363
0.952381 0.778607
0.952381 0.779851
0.952381 0.781095
0.952381 0.782338
0.952381 0.783582
0.952381 0.784826
0.952381 0.786070
0.952381 0.787313
0.952381 0.788557
0.952381 0.789801
0.952381 0.791045
0.952381 0.792289
0.952381 0.793532
0.952381 0.794776
0.952381 0.796020
0.952381 0.797264
0.954545 0.798507
0.954545 0.799751
0.954545 0.800995
0.956522 0.802239
0.956522 0.803483
0.956522 0.804726
0.956522 0.805970
0.956522 0.807214
0.956522 0.808458
0.958333 0.809701
0.958333 0.810945
0.960000 0.812189
0.960000 0.813433
0.960000 0.814677
0.960000 0.815920
0.962025 0.817164
0.962963 0.818408
0.962963 0.819652
0.965517 0.820896
0.965517 0.822139
0.965517 0.823383
0.965517 0.824627
0.965517 0.825871
0.967742 0.827114
0.967742 0.828358
0.968421 0.829602
0.969697 0.830846
0.969697 0.832090
0.971429 0.833333
0.972973 0.834577
0.972973 0.835821
0.972973 0.837065
0.974359 0.838308
0.974359 0.839552
0.974359 0.840796
0.974359 0.842040
0.974359 0.843284
0.974359 0.844527
0.974359 0.845771
0.974359 0.847015
0.974359 0.848259
0.974359 0.849502
0.974359 0.850746
0.975610 0.851990
0.975610 0.853234
0.975610 0.854478
0.975610 0.855721
0.975610 0.856965
0.975610 0.858209
0.975610 0.859453
0.975610 0.860697
0.975610 0.861940
0.975610 0.863184
0.975610 0.864428
0.975610 0.865672
0.975610 0.866915
0.975610 0.868159
0.975610 0.869403
0.975610 0.870647
0.975610 0.871891
0.975610 0.873134
0.975610 0.874378
0.975610 0.875622
0.975610 0.876866
0.975610 0.878109
0.975610 0.879353
0.975610 0.880597
0.976744 0.881841
0.976744 0.883085
0.976744 0.884328
0.976744 0.885572
0.976744 0.886816
0.976744 0.888060
0.976744 0.889303
0.976744 0.890547
0.976744 0.891791
0.976744 0.893035
0.976744 0.894279
0.977273 0.895522
0.977778 0.896766
0.977778 0.898010
0.978723 0.899254
0.978723 0.900498
0.979592 0.901741
0.979592 0.902985
0.979592 0.904229
0.979592 0.905473
0.980392 0.906716
0.981132 0.907960
0.981818 0.909204
0.982456 0.910448
0.984615 0.911692
0.985075 0.912935
0.985507 0.914179
0.985507 0.915423
0.985507 0.916667
0.985915 0.917910
0.988764 0.919154
1.000000 0.920398
1.000000 0.921642
1.000000 0.922886
1.000000 0.924129
1.000000 0.925373
1.000000 0.926617
1.000000 0.927861
1.000000 0.929104
1.000000 0.930348
1.000000 0.931592
1.000000 0.932836
1.000000 0.934080
1.000000 0.935323
1.000000 0.936567
1.000000 0.937811
1.000000 0.939055
1.000000 0.940299
1.000000 0.941542
1.000000 0.942786
1.000000 0.944030
1.000000 0.945274
1.000000 0.946517
1.000000 0.947761
1.000000 0.949005
1.000000 0.950249
1.000000 0.951493
1.000000 0.952736
1.000000 0.953980
1.000000 0.955224
1.000000 0.956468
1.000000 0.957711
1.000000 0.958955
1.000000 0.960199
1.000000 0.961443
1.000000 0.962687
1.000000 0.963930
1.000000 0.965174
1.000000 0.966418
1.000000 0.967662
1.000000 0.968905
1.000000 0.970149
1.000000 0.971393
1.000000 0.972637
1.000000 0.973881
1.000000 0.975124
1.000000 0.976368
1.000000 0.977612
1.000000 0.978856
1.000000 0.980100
1.000000 0.981343
1.000000 0.982587
1.000000 0.983831
1.000000 0.985075
1.000000 0.986318
1.000000 0.987562
1.000000 0.988806
1.000000 0.990050
1.000000 0.991294
1.000000 0.992537
1.000000 0.993781
1.000000 0.995025
1.000000 0.996269
1.000000 0.997512
1.000000 0.998756
1.000000 1.000000
