f1 cdf
0 0
0.000000 0.001244
0.000000 0.002488
0.000000 0.003731
0.000000 0.004975
0.000000 0.006219
0.000000 0.007463
0.000000 0.008706
0.000000 0.009950
0.000000 0.011194
0.000000 0.012438
0.000000 0.013682
0.000000 0.014925
0.000000 0.016169
0.000000 0.017413
0.000000 0.018657
0.000000 0.019900
0.000000 0.021144
0.000000 0.022388
0.000000 0.023632
0.000000 0.024876
0.000000 0.026119
0.000000 0.027363
0.000000 0.028607
0.000000 0.029851
0.000000 0.031095
0.000000 0.032338
0.000000 0.033582
0.000000 0.034826
0.000000 0.036070
0.000000 0.037313
0.000000 0.038557
0.000000 0.039801
0.000000 0.041045
0.000000 0.042289
0.000000 0.043532
0.000000 0.044776
0.000000 0.046020
0.000000 0.047264
0.000000 0.048507
0.000000 0.049751
0.000000 0.050995
0.000000 0.052239
0.000000 0.053483
0.000000 0.054726
0.000000 0.055970
0.000000 0.057214
0.055556 0.058458
0.061538 0.059701
0.064516 0.060945
0.102564 0.062189
0.111111 0.063433
0.114286 0.064677
0.115385 0.065920
0.121212 0.067164
0.124031 0.068408
0.131579 0.069652
0.137931 0.070896
0.139535 0.072139
0.140351 0.073383
0.142857 0.074627
0.142857 0.075871
0.142857 0.077114
0.145455 0.078358
0.146341 0.079602
0.148148 0.080846
0.150943 0.082090
0.156250 0.083333
0.157895 0.084577
0.157895 0.085821
0.164384 0.087065
0.164948 0.088308
0.166667 0.089552
0.166667 0.090796
0.175824 0.092040
0.196721 0.093284
0.200000 0.094527
0.202899 0.095771
0.205128 0.097015
0.214286 0.098259
0.214286 0.099502
0.216216 0.100746
0.217391 0.101990
0.222222 0.103234
0.222222 0.104478
0.222222 0.105721
0.227273 0.106965
0.232558 0.108209
0.235294 0.109453
0.238095 0.110697
0.238095 0.111940
0.243902 0.113184
0.243902 0.114428
0.245399 0.115672
0.250000 0.116915
0.250000 0.118159
0.253521 0.119403
0.255319 0.120647
0.258065 0.121891
0.258065 0.123134
0.258065 0.124378
0.260870 0.125622
0.264151 0.126866
0.266667 0.128109
0.266667 0.129353
0.266667 0.130597
0.268293 0.131841
0.270270 0.133085
0.272727 0.134328
0.275862 0.135572
0.277778 0.136816
0.279070 0.138060
0.280000 0.139303
0.282051 0.140547
0.283186 0.141791
0.285714 0.143035
0.285714 0.144279
0.285714 0.145522
0.285714 0.146766
0.285714 0.148010
0.285714 0.149254
0.285714 0.150498
0.291667 0.151741
0.292683 0.152985
0.292683 0.154229
0.294118 0.155473
0.295455 0.156716
0.296296 0.157960
0.300000 0.159204
0.300000 0.160448
0.300000 0.161692
0.303030 0.162935
0.304348 0.164179
0.307692 0.165423
0.307692 0.166667
0.307692 0.167910
0.307692 0.169154
0.308824 0.170398
0.309524 0.171642
0.314286 0.172886
0.315789 0.174129
0.315789 0.175373
0.319527 0.176617
0.321429 0.177861
0.322581 0.179104
0.322581 0.180348
0.322581 0.181592
0.325581 0.182836
0.325581 0.184080
0.325581 0.185323
0.333333 0.186567
0.333333 0.187811
0.333333 0.189055
0.333333 0.190299
0.333333 0.191542
0.338028 0.192786
0.340426 0.194030
0.341463 0.195274
0.341463 0.196517
0.344828 0.197761
0.344828 0.199005
0.350000 0.200249
0.352941 0.201493
0.353982 0.202736
0.357143 0.203980
0.357143 0.205224
0.360000 0.206468
0.363636 0.207711
0.363636 0.208955
0.363636 0.210199
0.365591 0.211443
0.368421 0.212687
0.372093 0.213930
0.375000 0.215174
0.375000 0.216418
0.375000 0.217662
0.375000 0.218905
0.376471 0.220149
0.377358 0.221393
0.378378 0.222637
0.382979 0.223881
0.383562 0.225124
0.384615 0.226368
0.384615 0.227612
0.388060 0.228856
0.388889 0.230100
0.392157 0.231343
0.394558 0.232587
0.400000 0.233831
0.400000 0.235075
0.400000 0.236318
0.400000 0.237562
0.400000 0.238806
0.400000 0.240050
0.401961 0.241294
0.406780 0.242537
0.408602 0.243781
0.409357 0.245025
0.416667 0.246269
0.421053 0.247512
0.421053 0.248756
0.425532 0.250000
0.426230 0.251244
0.428571 0.252488
0.437500 0.253731
0.439024 0.254975
0.440678 0.256219
0.444444 0.257463
0.444444 0.258706
0.444444 0.259950
0.444444 0.261194
0.444444 0.262438
0.448276 0.263682
0.448980 0.264925
0.450000 0.266169
0.451613 0.267413
0.451613 0.268657
0.454545 0.269900
0.457143 0.271144
0.461538 0.272388
0.461538 0.273632
0.461538 0.274876
0.463415 0.276119
0.465116 0.277363
0.465116 0.278607
0.468750 0.279851
0.470588 0.281095
0.473684 0.282338
0.474227 0.283582
0.476190 0.284826
0.476190 0.286070
0.476190 0.287313
0.476190 0.288557
0.478873 0.289801
0.479532 0.291045
0.482759 0.292289
0.486486 0.293532
0.486486 0.294776
0.487805 0.296020
0.487805 0.297264
0.488889 0.298507
0.488889 0.299751
0.489796 0.300995
0.500000 0.302239
0.500000 0.303483
0.500000 0.304726
0.500000 0.305970
0.500000 0.307214
0.500000 0.308458
0.500000 0.309701
0.500000 0.310945
0.500000 0.312189
0.500000 0.313433
0.500000 0.314677
0.500000 0.315920
0.500000 0.317164
0.506024 0.318408
0.507614 0.319652
0.508475 0.320896
0.509804 0.322139
0.511111 0.323383
0.512821 0.324627
0.516129 0.325871
0.516129 0.327114
0.518519 0.328358
0.518519 0.329602
0.519608 0.330846
0.519774 0.332090
0.521739 0.333333
0.523810 0.334577
0.523810 0.335821
0.523810 0.337065
0.526316 0.338308
0.533333 0.339552
0.533333 0.340796
0.533333 0.342040
0.533333 0.343284
0.536585 0.344527
0.536585 0.345771
0.537313 0.347015
0.538462 0.348259
0.539683 0.349502
0.545455 0.350746
0.545455 0.351990
0.545455 0.353234
0.545455 0.354478
0.545455 0.355721
0.545455 0.356965
0.550000 0.358209
0.550000 0.359453
0.551724 0.360697
0.553571 0.361940
0.555556 0.363184
0.555556 0.364428
0.555556 0.365672
0.555556 0.366915
0.555556 0.368159
0.560000 0.369403
0.560000 0.370647
0.560000 0.371891
0.560000 0.373134
0.562500 0.374378
0.563758 0.375622
0.564103 0.376866
0.564103 0.378109
0.564103 0.379353
0.571429 0.380597
0.571429 0.381841
0.571429 0.383085
0.571429 0.384328
0.577778 0.385572
0.580645 0.386816
0.580645 0.388060
0.580645 0.389303
0.583333 0.390547
0.585366 0.391791
0.585366 0.393035
0.586207 0.394279
0.588235 0.395522
0.588235 0.396766
0.588235 0.398010
0.588235 0.399254
0.589928 0.400498
0.590909 0.401741
0.595745 0.402985
0.595745 0.404229
0.600000 0.405473
0.600000 0.406716
0.600000 0.407960
0.600000 0.409204
0.600000 0.410448
0.606061 0.411692
0.606061 0.412935
0.606061 0.414179
0.608696 0.415423
0.608696 0.416667
0.608696 0.417910
0.611111 0.419154
0.611111 0.420398
0.611111 0.421642
0.615385 0.422886
0.617284 0.424129
0.620690 0.425373
0.622222 0.426617
0.622951 0.427861
0.625000 0.429104
0.628571 0.430348
0.628571 0.431592
0.630435 0.432836
0.631579 0.434080
0.631579 0.435323
0.631579 0.436567
0.631579 0.437811
0.631579 0.439055
0.634146 0.440299
0.636364 0.441542
0.638298 0.442786
0.640000 0.444030
0.645161 0.445274
0.645161 0.446517
0.645669 0.447761
0.647059 0.449005
0.647059 0.450249
0.648402 0.451493
0.650000 0.452736
0.650000 0.453980
0.651163 0.455224
0.651163 0.456468
0.654545 0.457711
0.658824 0.458955
0.666667 0.460199
0.666667 0.461443
0.666667 0.462687
0.666667 0.463930
0.666667 0.465174
0.666667 0.466418
0.666667 0.467662
0.666667 0.468905
0.666667 0.470149
0.666667 0.471393
0.666667 0.472637
0.666667 0.473881
0.666667 0.475124
0.666667 0.476368
0.666667 0.477612
0.666667 0.478856
0.666667 0.480100
0.666667 0.481343
0.666667 0.482587
0.672269 0.483831
0.676056 0.485075
0.680000 0.486318
0.681818 0.487562
0.681818 0.488806
0.682927 0.490050
0.683761 0.491294
0.684211 0.492537
0.684932 0.493781
0.685714 0.495025
0.685714 0.496269
0.685714 0.497512
0.685714 0.498756
0.687500 0.500000
0.687500 0.501244
0.689655 0.502488
0.689655 0.503731
0.692308 0.504975
0.692308 0.506219
0.692308 0.507463
0.695652 0.508706
0.695652 0.509950
0.695652 0.511194
0.697674 0.512438
0.697674 0.513682
0.702703 0.514925
0.702703 0.516169
0.702970 0.517413
0.709677 0.518657
0.709677 0.519900
0.711111 0.521144
0.711111 0.522388
0.714286 0.523632
0.717949 0.524876
0.717949 0.526119
0.717949 0.527363
0.720000 0.528607
0.720000 0.529851
0.722222 0.531095
0.722222 0.532338
0.722892 0.533582
0.727273 0.534826
0.727273 0.536070
0.727273 0.537313
0.727273 0.538557
0.727273 0.539801
0.731707 0.541045
0.731707 0.542289
0.731707 0.543532
0.733333 0.544776
0.736842 0.546020
0.736842 0.547264
0.736842 0.548507
0.736842 0.549751
0.736842 0.550995
0.736842 0.552239
0.736842 0.553483
0.738462 0.554726
0.740741 0.555970
0.740741 0.557214
0.740741 0.558458
0.741935 0.559701
0.742857 0.560945
0.742857 0.562189
0.744186 0.563433
0.744186 0.564677
0.750000 0.565920
0.750000 0.567164
0.750000 0.568408
0.750000 0.569652
0.750000 0.570896
0.750000 0.572139
0.754098 0.573383
0.754098 0.574627
0.756757 0.575871
0.756757 0.577114
0.756757 0.578358
0.756757 0.579602
0.758621 0.580846
0.761905 0.582090
0.761905 0.583333
0.761905 0.584577
0.763636 0.585821
0.764706 0.587065
0.765957 0.588308
0.769231 0.589552
0.769231 0.590796
0.769231 0.592040
0.769231 0.593284
0.769231 0.594527
0.770833 0.595771
0.771084 0.597015
0.771429 0.598259
0.777778 0.599502
0.777778 0.600746
0.777778 0.601990
0.777778 0.603234
0.780488 0.604478
0.780488 0.605721
0.780488 0.606965
0.782609 0.608209
0.785714 0.609453
0.785714 0.610697
0.786885 0.611940
0.787879 0.613184
0.789474 0.614428
0.790698 0.615672
0.790698 0.616915
0.790698 0.618159
0.790698 0.619403
0.790698 0.620647
0.792453 0.621891
0.800000 0.623134
0.800000 0.624378
0.800000 0.625622
0.800000 0.626866
0.800000 0.628109
0.800000 0.629353
0.800000 0.630597
0.800000 0.631841
0.800000 0.633085
0.800000 0.634328
0.800000 0.635572
0.800000 0.636816
0.800000 0.638060
0.804124 0.639303
0.805970 0.640547
0.807018 0.641791
0.807018 0.643035
0.807692 0.644279
0.808511 0.645522
0.808511 0.646766
0.810811 0.648010
0.810811 0.649254
0.810811 0.650498
0.812500 0.651741
0.812500 0.652985
0.816327 0.654229
0.818182 0.655473
0.818182 0.656716
0.820513 0.657960
0.822222 0.659204
0.822430 0.660448
0.823529 0.661692
0.823529 0.662935
0.823529 0.664179
0.823529 0.665423
0.823529 0.666667
0.823529 0.667910
0.823529 0.669154
0.826087 0.670398
0.826087 0.671642
0.827586 0.672886
0.827586 0.674129
0.827586 0.675373
0.829268 0.676617
0.829268 0.677861
0.833333 0.679104
0.833333 0.680348
0.833333 0.681592
0.833333 0.682836
0.833333 0.684080
0.833333 0.685323
0.833333 0.686567
0.835443 0.687811
0.837209 0.689055
0.837209 0.690299
0.837209 0.691542
0.837209 0.692786
0.840000 0.694030
0.840580 0.695274
0.842105 0.696517
0.842105 0.697761
0.842105 0.699005
0.842105 0.700249
0.842105 0.701493
0.842105 0.702736
0.842105 0.703980
0.842105 0.705224
0.842105 0.706468
0.843750 0.707711
0.846154 0.708955
0.848485 0.710199
0.848485 0.711443
0.850000 0.712687
0.850000 0.713930
0.850000 0.715174
0.850000 0.716418
0.851064 0.717662
0.851064 0.718905
0.851852 0.720149
0.851852 0.721393
0.857143 0.722637
0.857143 0.723881
0.857143 0.725124
0.857143 0.726368
0.857143 0.727612
0.857143 0.728856
0.857143 0.730100
0.857143 0.731343
0.857143 0.732587
0.857143 0.733831
0.857143 0.735075
0.861111 0.736318
0.861538 0.737562
0.862745 0.738806
0.863636 0.740050
0.864865 0.741294
0.864865 0.742537
0.866667 0.743781
0.867925 0.745025
0.869565 0.746269
0.870968 0.747512
0.871795 0.748756
0.871795 0.750000
0.871795 0.751244
0.875000 0.752488
0.875000 0.753731
0.875000 0.754975
0.878049 0.756219
0.878049 0.757463
0.878049 0.758706
0.878049 0.759950
0.878049 0.761194
0.878049 0.762438
0.878049 0.763682
0.880000 0.764925
0.880000 0.766169
0.881356 0.767413
0.881720 0.768657
0.882353 0.769900
0.883721 0.771144
0.883721 0.772388
0.883721 0.773632
0.883721 0.774876
0.888889 0.776119
0.888889 0.777363
0.888889 0.778607
0.888889 0.779851
0.888889 0.781095
0.888889 0.782338
0.888889 0.783582
0.888889 0.784826
0.888889 0.786070
0.888889 0.787313
0.888889 0.788557
0.888889 0.789801
0.888889 0.791045
0.888889 0.792289
0.888889 0.793532
0.888889 0.794776
0.888889 0.796020
0.888889 0.797264
0.893617 0.798507
0.894737 0.799751
0.894737 0.800995
0.900000 0.802239
0.900000 0.803483
0.900000 0.804726
0.900000 0.805970
0.901961 0.807214
0.903226 0.808458
0.903226 0.809701
0.903226 0.810945
0.903226 0.812189
0.904762 0.813433
0.904762 0.814677
0.904762 0.815920
0.904762 0.817164
0.906250 0.818408
0.909091 0.819652
0.909091 0.820896
0.909091 0.822139
0.909091 0.823383
0.909091 0.824627
0.910891 0.825871
0.913043 0.827114
0.913043 0.828358
0.914286 0.829602
0.916667 0.830846
0.916667 0.832090
0.916667 0.833333
0.916667 0.834577
0.918033 0.835821
0.918919 0.837065
0.918919 0.838308
0.918919 0.839552
0.918919 0.840796
0.920000 0.842040
0.920000 0.843284
0.923077 0.844527
0.923077 0.845771
0.923077 0.847015
0.923077 0.848259
0.923077 0.849502
0.923077 0.850746
0.923077 0.851990
0.923077 0.853234
0.923077 0.854478
0.926829 0.855721
0.926829 0.856965
0.926829 0.858209
0.926829 0.859453
0.928571 0.860697
0.928571 0.861940
0.928571 0.863184
0.928571 0.864428
0.930233 0.865672
0.930233 0.866915
0.930233 0.868159
0.930233 0.869403
0.930233 0.870647
0.930233 0.871891
0.930233 0.873134
0.933333 0.874378
0.933333 0.875622
0.933333 0.876866
0.933333 0.878109
0.937500 0.879353
0.937500 0.880597
0.937500 0.881841
0.937500 0.883085
0.941176 0.884328
0.941176 0.885572
0.941176 0.886816
0.941176 0.888060
0.941176 0.889303
0.941176 0.890547
0.941176 0.891791
0.941176 0.893035
0.941176 0.894279
0.944444 0.895522
0.947368 0.896766
0.947368 0.898010
0.947368 0.899254
0.947368 0.900498
0.948718 0.901741
0.950000 0.902985
0.950000 0.904229
0.950000 0.905473
0.950000 0.906716
0.950000 0.907960
0.950000 0.909204
0.950000 0.910448
0.950000 0.911692
0.950000 0.912935
0.950000 0.914179
0.952381 0.915423
0.952381 0.916667
0.952381 0.917910
0.952381 0.919154
0.952381 0.920398
0.952381 0.921642
0.952381 0.922886
0.954545 0.924129
0.954545 0.925373
0.954545 0.926617
0.956522 0.927861
0.956522 0.929104
0.956522 0.930348
0.956522 0.931592
0.957746 0.932836
0.958333 0.934080
0.960000 0.935323
0.960000 0.936567
0.962963 0.937811
0.965517 0.939055
0.965517 0.940299
0.966292 0.941542
0.967742 0.942786
0.969697 0.944030
0.969697 0.945274
0.971429 0.946517
0.971429 0.947761
0.972222 0.949005
0.972973 0.950249
0.974359 0.951493
0.975610 0.952736
0.975610 0.953980
0.975610 0.955224
0.975610 0.956468
0.975610 0.957711
0.975610 0.958955
0.975610 0.960199
0.975610 0.961443
0.975610 0.962687
0.975610 0.963930
0.975610 0.965174
0.975610 0.966418
0.975610 0.967662
0.976744 0.968905
0.978723 0.970149
0.978723 0.971393
0.981132 0.972637
0.985507 0.973881
1.000000 0.975124
1.000000 0.976368
1.000000 0.977612
1.000000 0.978856
1.000000 0.980100
1.000000 0.981343
1.000000 0.982587
1.000000 0.983831
1.000000 0.985075
1.000000 0.986318
1.000000 0.987562
1.000000 0.988806
1.000000 0.990050
1.000000 0.991294
1.000000 0.992537
1.000000 0.993781
1.000000 0.995025
1.000000 0.996269
1.000000 0.997512
1.000000 0.998756
1.000000 1.000000
