f1 cdf
0 0
0.000000 0.001244
0.000000 0.002488
0.000000 0.003731
0.000000 0.004975
0.000000 0.006219
0.080000 0.007463
0.090909 0.008706
0.200000 0.009950
0.222222 0.011194
0.226415 0.012438
0.244898 0.013682
0.247934 0.014925
0.250000 0.016169
0.266667 0.017413
0.270270 0.018657
0.300000 0.019900
0.307692 0.021144
0.320000 0.022388
0.333333 0.023632
0.333333 0.024876
0.333333 0.026119
0.333333 0.027363
0.335766 0.028607
0.337838 0.029851
0.344828 0.031095
0.352941 0.032338
0.357143 0.033582
0.358209 0.034826
0.363636 0.036070
0.363636 0.037313
0.370370 0.038557
0.375000 0.039801
0.384615 0.041045
0.388889 0.042289
0.394366 0.043532
0.400000 0.044776
0.400000 0.046020
0.400000 0.047264
0.406250 0.048507
0.409091 0.049751
0.410256 0.050995
0.413793 0.052239
0.416107 0.053483
0.416667 0.054726
0.424779 0.055970
0.426230 0.057214
0.428571 0.058458
0.428571 0.059701
0.434783 0.060945
0.444444 0.062189
0.444444 0.063433
0.461538 0.064677
0.469136 0.065920
0.470588 0.067164
0.473684 0.068408
0.474227 0.069652
0.480000 0.070896
0.493827 0.072139
0.500000 0.073383
0.500000 0.074627
0.500000 0.075871
0.500000 0.077114
0.500000 0.078358
0.506667 0.079602
0.507463 0.080846
0.511905 0.082090
0.512821 0.083333
0.521739 0.084577
0.526316 0.085821
0.527607 0.087065
0.533333 0.088308
0.533333 0.089552
0.538462 0.090796
0.538462 0.092040
0.543478 0.093284
0.545455 0.094527
0.545455 0.095771
0.545455 0.097015
0.545455 0.098259
0.545455 0.099502
0.550000 0.100746
0.554217 0.101990
0.555556 0.103234
0.555556 0.104478
0.555556 0.105721
0.555556 0.106965
0.560000 0.108209
0.562500 0.109453
0.562500 0.110697
0.564103 0.111940
0.571429 0.113184
0.571429 0.114428
0.571429 0.115672
0.571429 0.116915
0.571429 0.118159
0.571429 0.119403
0.577778 0.120647
0.578947 0.121891
0.580645 0.123134
0.580645 0.124378
0.581818 0.125622
0.584270 0.126866
0.584615 0.128109
0.584795 0.129353
0.588235 0.130597
0.592593 0.131841
0.597701 0.133085
0.600000 0.134328
0.600000 0.135572
0.600000 0.136816
0.600000 0.138060
0.600000 0.139303
0.603015 0.140547
0.604651 0.141791
0.604651 0.143035
0.606061 0.144279
0.606061 0.145522
0.610169 0.146766
0.615385 0.148010
0.620690 0.149254
0.620690 0.150498
0.620690 0.151741
0.620690 0.152985
0.620690 0.154229
0.620690 0.155473
0.625000 0.156716
0.625000 0.157960
0.626866 0.159204
0.628571 0.160448
0.630542 0.161692
0.631579 0.162935
0.631579 0.164179
0.632258 0.165423
0.636364 0.166667
0.636364 0.167910
0.640000 0.169154
0.641509 0.170398
0.645161 0.171642
0.645161 0.172886
0.645161 0.174129
0.645161 0.175373
0.645161 0.176617
0.647059 0.177861
0.647059 0.179104
0.648649 0.180348
0.649123 0.181592
0.650000 0.182836
0.652174 0.184080
0.652174 0.185323
0.654545 0.186567
0.654545 0.187811
0.655738 0.189055
0.657143 0.190299
0.666667 0.191542
0.666667 0.192786
0.666667 0.194030
0.666667 0.195274
0.666667 0.196517
0.666667 0.197761
0.666667 0.199005
0.666667 0.200249
0.666667 0.201493
0.666667 0.202736
0.666667 0.203980
0.666667 0.205224
0.666667 0.206468
0.666667 0.207711
0.666667 0.208955
0.666667 0.210199
0.680000 0.211443
0.684211 0.212687
0.685714 0.213930
0.686567 0.215174
0.687500 0.216418
0.687500 0.217662
0.687500 0.218905
0.688889 0.220149
0.689655 0.221393
0.692308 0.222637
0.695652 0.223881
0.695652 0.225124
0.696629 0.226368
0.698413 0.227612
0.700000 0.228856
0.700000 0.230100
0.700000 0.231343
0.700000 0.232587
0.700000 0.233831
0.700000 0.235075
0.700000 0.236318
0.702703 0.237562
0.705882 0.238806
0.705882 0.240050
0.705882 0.241294
0.705882 0.242537
0.705882 0.243781
0.708333 0.245025
0.709677 0.246269
0.709677 0.247512
0.709677 0.248756
0.711111 0.250000
0.714286 0.251244
0.714286 0.252488
0.714286 0.253731
0.714286 0.254975
0.714286 0.256219
0.714286 0.257463
0.714286 0.258706
0.716418 0.259950
0.717949 0.261194
0.718750 0.262438
0.727273 0.263682
0.727273 0.264925
0.727273 0.266169
0.731707 0.267413
0.731707 0.268657
0.731707 0.269900
0.733032 0.271144
0.733333 0.272388
0.733333 0.273632
0.733333 0.274876
0.733333 0.276119
0.733333 0.277363
0.733333 0.278607
0.736842 0.279851
0.736842 0.281095
0.736842 0.282338
0.736842 0.283582
0.740741 0.284826
0.740741 0.286070
0.740741 0.287313
0.740741 0.288557
0.740741 0.289801
0.742857 0.291045
0.742857 0.292289
0.742857 0.293532
0.743590 0.294776
0.750000 0.296020
0.750000 0.297264
0.750000 0.298507
0.750000 0.299751
0.750000 0.300995
0.750000 0.302239
0.750000 0.303483
0.750000 0.304726
0.750000 0.305970
0.753623 0.307214
0.753623 0.308458
0.756098 0.309701
0.756757 0.310945
0.758621 0.312189
0.758621 0.313433
0.758621 0.314677
0.758621 0.315920
0.758621 0.317164
0.761905 0.318408
0.761905 0.319652
0.764706 0.320896
0.764706 0.322139
0.764706 0.323383
0.764706 0.324627
0.766667 0.325871
0.769231 0.327114
0.769231 0.328358
0.769231 0.329602
0.769231 0.330846
0.769231 0.332090
0.769231 0.333333
0.771930 0.334577
0.774194 0.335821
0.777778 0.337065
0.777778 0.338308
0.777778 0.339552
0.777778 0.340796
0.777778 0.342040
0.780488 0.343284
0.782609 0.344527
0.782609 0.345771
0.782609 0.347015
0.782609 0.348259
0.785714 0.349502
0.785714 0.350746
0.787879 0.351990
0.787879 0.353234
0.787879 0.354478
0.789474 0.355721
0.789474 0.356965
0.790698 0.358209
0.793103 0.359453
0.793651 0.360697
0.796020 0.361940
0.800000 0.363184
0.800000 0.364428
0.800000 0.365672
0.800000 0.366915
0.800000 0.368159
0.800000 0.369403
0.800000 0.370647
0.800000 0.371891
0.800000 0.373134
0.800000 0.374378
0.800000 0.375622
0.800000 0.376866
0.800000 0.378109
0.800000 0.379353
0.800000 0.380597
0.800000 0.381841
0.800000 0.383085
0.800000 0.384328
0.800000 0.385572
0.803738 0.386816
0.806202 0.388060
0.807018 0.389303
0.808511 0.390547
0.808511 0.391791
0.808511 0.393035
0.809524 0.394279
0.810127 0.395522
0.810811 0.396766
0.810811 0.398010
0.812500 0.399254
0.812500 0.400498
0.812500 0.401741
0.812500 0.402985
0.812500 0.404229
0.812500 0.405473
0.812500 0.406716
0.812500 0.407960
0.814815 0.409204
0.814815 0.410448
0.816327 0.411692
0.816327 0.412935
0.816327 0.414179
0.817391 0.415423
0.818182 0.416667
0.818182 0.417910
0.818182 0.419154
0.818182 0.420398
0.818182 0.421642
0.818182 0.422886
0.820513 0.424129
0.820513 0.425373
0.820513 0.426617
0.821429 0.427861
0.823529 0.429104
0.823529 0.430348
0.823529 0.431592
0.823529 0.432836
0.823529 0.434080
0.823529 0.435323
0.823529 0.436567
0.823529 0.437811
0.823529 0.439055
0.823529 0.440299
0.823529 0.441542
0.823529 0.442786
0.825397 0.444030
0.827586 0.445274
0.827586 0.446517
0.829268 0.447761
0.829268 0.449005
0.829268 0.450249
0.829268 0.451493
0.829268 0.452736
0.829268 0.453980
0.830769 0.455224
0.833333 0.456468
0.833333 0.457711
0.833333 0.458955
0.833333 0.460199
0.833333 0.461443
0.833333 0.462687
0.833333 0.463930
0.833333 0.465174
0.833333 0.466418
0.833333 0.467662
0.833333 0.468905
0.833333 0.470149
0.836364 0.471393
0.836735 0.472637
0.837209 0.473881
0.837209 0.475124
0.837209 0.476368
0.838095 0.477612
0.838710 0.478856
0.838710 0.480100
0.839161 0.481343
0.840000 0.482587
0.842105 0.483831
0.842105 0.485075
0.842105 0.486318
0.842105 0.487562
0.842105 0.488806
0.842105 0.490050
0.842105 0.491294
0.842105 0.492537
0.843750 0.493781
0.844444 0.495025
0.844444 0.496269
0.844444 0.497512
0.844444 0.498756
0.845070 0.500000
0.846154 0.501244
0.847059 0.502488
0.848485 0.503731
0.848485 0.504975
0.848485 0.506219
0.850000 0.507463
0.850000 0.508706
0.850000 0.509950
0.850000 0.511194
0.850000 0.512438
0.850000 0.513682
0.850000 0.514925
0.850000 0.516169
0.850000 0.517413
0.850000 0.518657
0.850000 0.519900
0.851852 0.521144
0.851852 0.522388
0.852941 0.523632
0.857143 0.524876
0.857143 0.526119
0.857143 0.527363
0.857143 0.528607
0.857143 0.529851
0.857143 0.531095
0.857143 0.532338
0.857143 0.533582
0.857143 0.534826
0.857143 0.536070
0.857143 0.537313
0.857143 0.538557
0.857143 0.539801
0.857143 0.541045
0.861538 0.542289
0.862745 0.543532
0.862745 0.544776
0.863636 0.546020
0.863636 0.547264
0.863636 0.548507
0.863636 0.549751
0.864865 0.550995
0.864865 0.552239
0.864865 0.553483
0.864865 0.554726
0.864865 0.555970
0.864865 0.557214
0.864865 0.558458
0.864865 0.559701
0.866667 0.560945
0.866667 0.562189
0.867925 0.563433
0.869565 0.564677
0.871795 0.565920
0.871795 0.567164
0.871795 0.568408
0.871795 0.569652
0.871795 0.570896
0.871795 0.572139
0.871795 0.573383
0.871795 0.574627
0.871795 0.575871
0.872727 0.577114
0.872727 0.578358
0.873239 0.579602
0.873563 0.580846
0.873786 0.582090
0.875000 0.583333
0.875000 0.584577
0.875000 0.585821
0.875000 0.587065
0.875000 0.588308
0.875000 0.589552
0.875000 0.590796
0.875000 0.592040
0.877193 0.593284
0.878049 0.594527
0.878049 0.595771
0.878049 0.597015
0.878049 0.598259
0.878049 0.599502
0.881356 0.600746
0.882353 0.601990
0.882353 0.603234
0.882353 0.604478
0.882353 0.605721
0.883721 0.606965
0.883721 0.608209
0.883721 0.609453
0.883721 0.610697
0.883721 0.611940
0.883721 0.613184
0.885246 0.614428
0.886076 0.615672
0.888889 0.616915
0.888889 0.618159
0.888889 0.619403
0.888889 0.620647
0.888889 0.621891
0.888889 0.623134
0.888889 0.624378
0.888889 0.625622
0.888889 0.626866
0.888889 0.628109
0.888889 0.629353
0.888889 0.630597
0.888889 0.631841
0.888889 0.633085
0.888889 0.634328
0.888889 0.635572
0.888889 0.636816
0.888889 0.638060
0.888889 0.639303
0.892308 0.640547
0.893617 0.641791
0.893617 0.643035
0.893617 0.644279
0.894737 0.645522
0.894737 0.646766
0.896552 0.648010
0.896552 0.649254
0.896552 0.650498
0.897959 0.651741
0.900000 0.652985
0.900000 0.654229
0.900000 0.655473
0.900000 0.656716
0.900000 0.657960
0.900000 0.659204
0.900000 0.660448
0.900000 0.661692
0.900000 0.662935
0.900000 0.664179
0.900000 0.665423
0.900000 0.666667
0.900000 0.667910
0.900000 0.669154
0.900000 0.670398
0.900000 0.671642
0.901961 0.672886
0.903226 0.674129
0.904762 0.675373
0.904762 0.676617
0.904762 0.677861
0.904762 0.679104
0.904762 0.680348
0.904762 0.681592
0.904762 0.682836
0.904762 0.684080
0.905660 0.685323
0.909091 0.686567
0.909091 0.687811
0.909091 0.689055
0.909091 0.690299
0.909091 0.691542
0.909091 0.692786
0.909091 0.694030
0.909091 0.695274
0.909091 0.696517
0.909091 0.697761
0.909091 0.699005
0.909091 0.700249
0.910891 0.701493
0.911765 0.702736
0.911765 0.703980
0.912281 0.705224
0.913043 0.706468
0.913043 0.707711
0.913043 0.708955
0.913043 0.710199
0.914286 0.711443
0.916667 0.712687
0.916667 0.713930
0.916667 0.715174
0.916667 0.716418
0.918033 0.717662
0.918919 0.718905
0.918919 0.720149
0.918919 0.721393
0.918919 0.722637
0.918919 0.723881
0.918919 0.725124
0.920000 0.726368
0.920000 0.727612
0.920635 0.728856
0.920635 0.730100
0.923077 0.731343
0.923077 0.732587
0.923077 0.733831
0.923077 0.735075
0.923077 0.736318
0.923077 0.737562
0.923077 0.738806
0.923077 0.740050
0.923077 0.741294
0.923077 0.742537
0.923077 0.743781
0.923077 0.745025
0.923077 0.746269
0.923077 0.747512
0.926829 0.748756
0.926829 0.750000
0.926829 0.751244
0.926829 0.752488
0.926829 0.753731
0.926829 0.754975
0.926829 0.756219
0.926829 0.757463
0.926829 0.758706
0.926829 0.759950
0.926829 0.761194
0.926829 0.762438
0.926829 0.763682
0.926829 0.764925
0.926829 0.766169
0.926829 0.767413
0.926829 0.768657
0.926829 0.769900
0.926829 0.771144
0.928571 0.772388
0.928571 0.773632
0.930233 0.774876
0.930233 0.776119
0.930233 0.777363
0.930233 0.778607
0.930233 0.779851
0.930233 0.781095
0.930233 0.782338
0.930233 0.783582
0.930233 0.784826
0.930233 0.786070
0.930233 0.787313
0.933333 0.788557
0.933333 0.789801
0.933333 0.791045
0.933333 0.792289
0.933333 0.793532
0.933333 0.794776
0.936170 0.796020
0.936170 0.797264
0.937500 0.798507
0.937500 0.799751
0.937500 0.800995
0.937500 0.802239
0.937500 0.803483
0.938776 0.804726
0.941176 0.805970
0.941176 0.807214
0.941176 0.808458
0.941176 0.809701
0.941176 0.810945
0.941176 0.812189
0.941176 0.813433
0.941176 0.814677
0.941176 0.815920
0.941176 0.817164
0.942857 0.818408
0.943396 0.819652
0.944444 0.820896
0.944444 0.822139
0.944444 0.823383
0.945455 0.824627
0.947368 0.825871
0.947368 0.827114
0.947368 0.828358
0.947368 0.829602
0.947368 0.830846
0.947368 0.832090
0.947368 0.833333
0.947368 0.834577
0.947368 0.835821
0.950000 0.837065
0.950000 0.838308
0.950000 0.839552
0.950000 0.840796
0.950000 0.842040
0.950000 0.843284
0.950000 0.844527
0.950000 0.845771
0.950000 0.847015
0.950000 0.848259
0.950000 0.849502
0.952381 0.850746
0.952381 0.851990
0.952381 0.853234
0.952381 0.854478
0.952381 0.855721
0.952381 0.856965
0.952381 0.858209
0.952381 0.859453
0.952381 0.860697
0.952381 0.861940
0.952381 0.863184
0.952381 0.864428
0.952381 0.865672
0.952381 0.866915
0.952381 0.868159
0.952381 0.869403
0.952381 0.870647
0.952381 0.871891
0.954545 0.873134
0.954545 0.874378
0.954545 0.875622
0.954545 0.876866
0.954545 0.878109
0.954545 0.879353
0.954545 0.880597
0.955556 0.881841
0.956522 0.883085
0.956522 0.884328
0.956522 0.885572
0.956522 0.886816
0.956522 0.888060
0.956522 0.889303
0.960000 0.890547
0.960000 0.891791
0.960000 0.893035
0.961538 0.894279
0.962025 0.895522
0.962963 0.896766
0.965517 0.898010
0.965517 0.899254
0.965517 0.900498
0.965517 0.901741
0.965517 0.902985
0.965517 0.904229
0.967033 0.905473
0.967742 0.906716
0.967742 0.907960
0.968421 0.909204
0.969697 0.910448
0.971429 0.911692
0.971429 0.912935
0.972222 0.914179
0.972222 0.915423
0.972973 0.916667
0.972973 0.917910
0.974359 0.919154
0.974359 0.920398
0.974359 0.921642
0.974359 0.922886
0.974359 0.924129
0.975610 0.925373
0.975610 0.926617
0.975610 0.927861
0.975610 0.929104
0.975610 0.930348
0.975610 0.931592
0.975610 0.932836
0.975610 0.934080
0.975610 0.935323
0.975610 0.936567
0.975610 0.937811
0.975610 0.939055
0.975610 0.940299
0.975610 0.941542
0.975610 0.942786
0.975610 0.944030
0.975610 0.945274
0.975610 0.946517
0.976744 0.947761
0.976744 0.949005
0.976744 0.950249
0.976744 0.951493
0.976744 0.952736
0.977778 0.953980
0.978723 0.955224
0.978723 0.956468
0.978723 0.957711
0.979592 0.958955
0.981132 0.960199
0.984615 0.961443
0.985075 0.962687
0.985507 0.963930
1.000000 0.965174
1.000000 0.966418
1.000000 0.967662
1.000000 0.968905
1.000000 0.970149
1.000000 0.971393
1.000000 0.972637
1.000000 0.973881
1.000000 0.975124
1.000000 0.976368
1.000000 0.977612
1.000000 0.978856
1.000000 0.980100
1.000000 0.981343
1.000000 0.982587
1.000000 0.983831
1.000000 0.985075
1.000000 0.986318
1.000000 0.987562
1.000000 0.988806
1.000000 0.990050
1.000000 0.991294
1.000000 0.992537
1.000000 0.993781
1.000000 0.995025
1.000000 0.996269
1.000000 0.997512
1.000000 0.998756
1.000000 1.000000
