f1 cdf
0 0
0.000000 0.001244
0.142857 0.002488
0.142857 0.003731
0.153846 0.004975
0.206897 0.006219
0.225352 0.007463
0.227273 0.008706
0.235294 0.009950
0.236842 0.011194
0.243902 0.012438
0.266667 0.013682
0.292683 0.014925
0.317757 0.016169
0.320000 0.017413
0.333333 0.018657
0.347826 0.019900
0.350000 0.021144
0.358209 0.022388
0.363636 0.023632
0.363636 0.024876
0.366412 0.026119
0.384615 0.027363
0.387097 0.028607
0.388060 0.029851
0.400000 0.031095
0.400000 0.032338
0.400000 0.033582
0.416667 0.034826
0.421053 0.036070
0.426230 0.037313
0.428571 0.038557
0.434783 0.039801
0.444444 0.041045
0.444444 0.042289
0.450980 0.043532
0.454545 0.044776
0.461538 0.046020
0.461538 0.047264
0.469136 0.048507
0.470588 0.049751
0.489362 0.050995
0.493506 0.052239
0.500000 0.053483
0.500000 0.054726
0.500000 0.055970
0.500000 0.057214
0.514286 0.058458
0.517647 0.059701
0.518519 0.060945
0.521739 0.062189
0.521739 0.063433
0.526316 0.064677
0.526316 0.065920
0.533333 0.067164
0.533333 0.068408
0.533333 0.069652
0.534884 0.070896
0.540541 0.072139
0.543478 0.073383
0.545455 0.074627
0.545455 0.075871
0.545455 0.077114
0.550000 0.078358
0.550000 0.079602
0.551724 0.080846
0.551724 0.082090
0.551724 0.083333
0.551724 0.084577
0.555556 0.085821
0.555556 0.087065
0.557377 0.088308
0.560000 0.089552
0.560000 0.090796
0.562500 0.092040
0.562500 0.093284
0.567568 0.094527
0.571429 0.095771
0.571429 0.097015
0.571429 0.098259
0.571429 0.099502
0.571429 0.100746
0.581818 0.101990
0.581818 0.103234
0.584615 0.104478
0.585366 0.105721
0.588235 0.106965
0.588235 0.108209
0.588235 0.109453
0.591549 0.110697
0.591549 0.111940
0.592593 0.113184
0.594595 0.114428
0.600000 0.115672
0.600000 0.116915
0.601942 0.118159
0.603015 0.119403
0.606061 0.120647
0.606061 0.121891
0.606061 0.123134
0.608696 0.124378
0.611111 0.125622
0.617284 0.126866
0.620690 0.128109
0.620690 0.129353
0.620690 0.130597
0.625000 0.131841
0.628571 0.133085
0.631068 0.134328
0.632258 0.135572
0.640000 0.136816
0.641509 0.138060
0.642857 0.139303
0.642857 0.140547
0.642857 0.141791
0.645161 0.143035
0.645161 0.144279
0.645161 0.145522
0.647059 0.146766
0.650000 0.148010
0.654545 0.149254
0.656716 0.150498
0.666667 0.151741
0.666667 0.152985
0.666667 0.154229
0.666667 0.155473
0.666667 0.156716
0.666667 0.157960
0.666667 0.159204
0.666667 0.160448
0.666667 0.161692
0.666667 0.162935
0.666667 0.164179
0.666667 0.165423
0.666667 0.166667
0.666667 0.167910
0.666667 0.169154
0.672727 0.170398
0.673469 0.171642
0.680000 0.172886
0.680851 0.174129
0.684211 0.175373
0.684932 0.176617
0.685714 0.177861
0.686131 0.179104
0.687500 0.180348
0.687500 0.181592
0.687500 0.182836
0.688525 0.184080
0.688889 0.185323
0.689655 0.186567
0.692308 0.187811
0.692308 0.189055
0.692308 0.190299
0.692913 0.191542
0.693878 0.192786
0.695652 0.194030
0.695652 0.195274
0.700000 0.196517
0.700000 0.197761
0.704545 0.199005
0.705882 0.200249
0.705882 0.201493
0.705882 0.202736
0.705882 0.203980
0.709677 0.205224
0.709677 0.206468
0.714286 0.207711
0.714286 0.208955
0.714286 0.210199
0.714286 0.211443
0.714286 0.212687
0.714286 0.213930
0.714286 0.215174
0.718750 0.216418
0.724138 0.217662
0.727273 0.218905
0.727273 0.220149
0.727273 0.221393
0.727273 0.222637
0.727273 0.223881
0.729730 0.225124
0.731707 0.226368
0.733032 0.227612
0.733333 0.228856
0.733333 0.230100
0.733333 0.231343
0.736842 0.232587
0.736842 0.233831
0.736842 0.235075
0.740741 0.236318
0.740741 0.237562
0.740741 0.238806
0.741573 0.240050
0.742857 0.241294
0.742857 0.242537
0.742857 0.243781
0.743590 0.245025
0.744186 0.246269
0.745098 0.247512
0.750000 0.248756
0.750000 0.250000
0.750000 0.251244
0.752475 0.252488
0.753623 0.253731
0.756098 0.254975
0.758621 0.256219
0.758621 0.257463
0.758621 0.258706
0.759494 0.259950
0.761905 0.261194
0.764706 0.262438
0.764706 0.263682
0.769231 0.264925
0.769231 0.266169
0.774194 0.267413
0.774194 0.268657
0.774194 0.269900
0.775510 0.271144
0.777778 0.272388
0.777778 0.273632
0.777778 0.274876
0.777778 0.276119
0.777778 0.277363
0.777778 0.278607
0.780488 0.279851
0.782609 0.281095
0.782609 0.282338
0.785714 0.283582
0.785714 0.284826
0.785714 0.286070
0.786517 0.287313
0.788732 0.288557
0.788991 0.289801
0.791667 0.291045
0.792453 0.292289
0.793103 0.293532
0.793651 0.294776
0.800000 0.296020
0.800000 0.297264
0.800000 0.298507
0.800000 0.299751
0.800000 0.300995
0.800000 0.302239
0.800000 0.303483
0.800000 0.304726
0.800000 0.305970
0.800000 0.307214
0.800000 0.308458
0.800000 0.309701
0.800000 0.310945
0.800000 0.312189
0.800000 0.313433
0.800000 0.314677
0.800000 0.315920
0.800000 0.317164
0.805195 0.318408
0.807018 0.319652
0.807018 0.320896
0.809917 0.322139
0.810127 0.323383
0.810811 0.324627
0.810811 0.325871
0.810811 0.327114
0.812500 0.328358
0.812500 0.329602
0.812500 0.330846
0.812500 0.332090
0.812500 0.333333
0.814815 0.334577
0.814815 0.335821
0.815534 0.337065
0.818182 0.338308
0.820513 0.339552
0.820513 0.340796
0.820513 0.342040
0.820513 0.343284
0.820513 0.344527
0.820513 0.345771
0.823529 0.347015
0.823529 0.348259
0.823529 0.349502
0.823529 0.350746
0.823529 0.351990
0.823529 0.353234
0.823529 0.354478
0.826087 0.355721
0.826087 0.356965
0.827586 0.358209
0.827586 0.359453
0.828283 0.360697
0.829268 0.361940
0.829268 0.363184
0.830769 0.364428
0.833333 0.365672
0.833333 0.366915
0.833333 0.368159
0.833333 0.369403
0.833333 0.370647
0.833333 0.371891
0.833333 0.373134
0.836364 0.374378
0.837209 0.375622
0.837209 0.376866
0.837209 0.378109
0.837607 0.379353
0.838710 0.380597
0.838710 0.381841
0.840000 0.383085
0.842105 0.384328
0.842105 0.385572
0.842105 0.386816
0.842105 0.388060
0.842105 0.389303
0.842105 0.390547
0.842105 0.391791
0.842105 0.393035
0.842105 0.394279
0.842105 0.395522
0.842105 0.396766
0.844444 0.398010
0.845070 0.399254
0.846154 0.400498
0.848485 0.401741
0.848485 0.402985
0.850000 0.404229
0.850000 0.405473
0.850000 0.406716
0.851852 0.407960
0.852459 0.409204
0.857143 0.410448
0.857143 0.411692
0.857143 0.412935
0.857143 0.414179
0.857143 0.415423
0.857143 0.416667
0.857143 0.417910
0.857143 0.419154
0.857143 0.420398
0.857143 0.421642
0.857143 0.422886
0.857143 0.424129
0.857143 0.425373
0.857143 0.426617
0.857143 0.427861
0.857143 0.429104
0.857143 0.430348
0.859813 0.431592
0.861538 0.432836
0.862069 0.434080
0.862745 0.435323
0.863636 0.436567
0.863636 0.437811
0.863636 0.439055
0.863636 0.440299
0.864865 0.441542
0.864865 0.442786
0.864865 0.444030
0.864865 0.445274
0.864865 0.446517
0.865672 0.447761
0.866667 0.449005
0.867925 0.450249
0.869565 0.451493
0.869565 0.452736
0.869565 0.453980
0.870968 0.455224
0.871795 0.456468
0.871795 0.457711
0.871795 0.458955
0.871795 0.460199
0.871795 0.461443
0.871795 0.462687
0.871795 0.463930
0.872727 0.465174
0.873239 0.466418
0.873563 0.467662
0.875000 0.468905
0.875000 0.470149
0.875000 0.471393
0.875000 0.472637
0.875000 0.473881
0.878049 0.475124
0.878049 0.476368
0.878049 0.477612
0.878049 0.478856
0.878049 0.480100
0.878049 0.481343
0.878049 0.482587
0.878049 0.483831
0.880000 0.485075
0.880000 0.486318
0.880000 0.487562
0.881356 0.488806
0.882353 0.490050
0.882353 0.491294
0.882353 0.492537
0.883721 0.493781
0.883721 0.495025
0.883721 0.496269
0.884615 0.497512
0.884956 0.498756
0.885714 0.500000
0.885714 0.501244
0.886076 0.502488
0.888889 0.503731
0.888889 0.504975
0.888889 0.506219
0.888889 0.507463
0.888889 0.508706
0.888889 0.509950
0.888889 0.511194
0.888889 0.512438
0.888889 0.513682
0.888889 0.514925
0.888889 0.516169
0.888889 0.517413
0.888889 0.518657
0.893617 0.519900
0.893617 0.521144
0.894737 0.522388
0.894737 0.523632
0.894737 0.524876
0.894737 0.526119
0.894737 0.527363
0.896552 0.528607
0.896552 0.529851
0.896552 0.531095
0.897959 0.532338
0.900000 0.533582
0.900000 0.534826
0.900000 0.536070
0.900000 0.537313
0.900000 0.538557
0.900000 0.539801
0.900000 0.541045
0.900000 0.542289
0.900000 0.543532
0.900000 0.544776
0.900000 0.546020
0.900000 0.547264
0.901961 0.548507
0.901961 0.549751
0.903226 0.550995
0.903226 0.552239
0.904762 0.553483
0.904762 0.554726
0.904762 0.555970
0.904762 0.557214
0.904762 0.558458
0.904762 0.559701
0.904762 0.560945
0.904762 0.562189
0.905660 0.563433
0.909091 0.564677
0.909091 0.565920
0.909091 0.567164
0.909091 0.568408
0.909091 0.569652
0.909091 0.570896
0.909091 0.572139
0.912281 0.573383
0.913043 0.574627
0.914286 0.575871
0.914286 0.577114
0.914286 0.578358
0.914286 0.579602
0.914286 0.580846
0.914286 0.582090
0.914286 0.583333
0.915254 0.584577
0.916667 0.585821
0.916667 0.587065
0.916667 0.588308
0.916667 0.589552
0.916667 0.590796
0.916667 0.592040
0.916667 0.593284
0.918919 0.594527
0.918919 0.595771
0.918919 0.597015
0.918919 0.598259
0.918919 0.599502
0.918919 0.600746
0.920000 0.601990
0.920635 0.603234
0.923077 0.604478
0.923077 0.605721
0.923077 0.606965
0.923077 0.608209
0.923077 0.609453
0.923077 0.610697
0.923077 0.611940
0.923077 0.613184
0.923077 0.614428
0.923077 0.615672
0.923077 0.616915
0.923077 0.618159
0.923077 0.619403
0.923077 0.620647
0.923077 0.621891
0.923077 0.623134
0.923077 0.624378
0.923077 0.625622
0.923077 0.626866
0.923077 0.628109
0.923077 0.629353
0.923077 0.630597
0.923077 0.631841
0.923077 0.633085
0.926829 0.634328
0.926829 0.635572
0.926829 0.636816
0.926829 0.638060
0.926829 0.639303
0.926829 0.640547
0.926829 0.641791
0.926829 0.643035
0.926829 0.644279
0.926829 0.645522
0.926829 0.646766
0.926829 0.648010
0.928571 0.649254
0.928571 0.650498
0.928571 0.651741
0.928571 0.652985
0.930233 0.654229
0.930233 0.655473
0.930233 0.656716
0.930233 0.657960
0.930233 0.659204
0.933333 0.660448
0.933333 0.661692
0.933333 0.662935
0.933333 0.664179
0.933333 0.665423
0.933333 0.666667
0.933333 0.667910
0.933333 0.669154
0.933333 0.670398
0.933333 0.671642
0.933333 0.672886
0.936170 0.674129
0.936170 0.675373
0.936170 0.676617
0.936170 0.677861
0.937500 0.679104
0.937500 0.680348
0.938776 0.681592
0.941176 0.682836
0.941176 0.684080
0.941176 0.685323
0.941176 0.686567
0.941176 0.687811
0.941176 0.689055
0.941176 0.690299
0.941176 0.691542
0.941176 0.692786
0.941176 0.694030
0.941176 0.695274
0.941176 0.696517
0.941176 0.697761
0.944444 0.699005
0.944444 0.700249
0.944444 0.701493
0.944444 0.702736
0.944444 0.703980
0.944444 0.705224
0.944444 0.706468
0.945455 0.707711
0.947368 0.708955
0.947368 0.710199
0.947368 0.711443
0.947368 0.712687
0.947368 0.713930
0.947368 0.715174
0.947368 0.716418
0.947368 0.717662
0.947368 0.718905
0.947368 0.720149
0.947368 0.721393
0.947368 0.722637
0.950000 0.723881
0.950000 0.725124
0.950000 0.726368
0.950000 0.727612
0.950000 0.728856
0.950000 0.730100
0.950000 0.731343
0.950000 0.732587
0.950000 0.733831
0.950000 0.735075
0.950000 0.736318
0.950000 0.737562
0.950000 0.738806
0.950000 0.740050
0.950000 0.741294
0.950000 0.742537
0.950000 0.743781
0.950000 0.745025
0.950000 0.746269
0.950000 0.747512
0.950820 0.748756
0.952381 0.750000
0.952381 0.751244
0.952381 0.752488
0.952381 0.753731
0.952381 0.754975
0.952381 0.756219
0.952381 0.757463
0.952381 0.758706
0.952381 0.759950
0.952381 0.761194
0.952381 0.762438
0.952381 0.763682
0.952381 0.764925
0.952381 0.766169
0.952381 0.767413
0.952381 0.768657
0.952381 0.769900
0.952381 0.771144
0.952381 0.772388
0.952381 0.773632
0.952381 0.774876
0.952381 0.776119
0.952381 0.777363
0.952381 0.778607
0.952381 0.779851
0.952381 0.781095
0.954545 0.782338
0.954545 0.783582
0.954545 0.784826
0.955224 0.786070
0.955556 0.787313
0.956522 0.788557
0.956522 0.789801
0.956522 0.791045
0.956522 0.792289
0.956522 0.793532
0.956522 0.794776
0.958333 0.796020
0.960000 0.797264
0.960000 0.798507
0.960000 0.799751
0.960000 0.800995
0.961538 0.802239
0.962025 0.803483
0.962963 0.804726
0.962963 0.805970
0.962963 0.807214
0.962963 0.808458
0.962963 0.809701
0.964286 0.810945
0.965517 0.812189
0.965517 0.813433
0.965517 0.814677
0.965517 0.815920
0.965517 0.817164
0.965517 0.818408
0.965517 0.819652
0.965517 0.820896
0.965517 0.822139
0.965517 0.823383
0.966667 0.824627
0.966667 0.825871
0.967742 0.827114
0.967742 0.828358
0.967742 0.829602
0.968421 0.830846
0.969072 0.832090
0.969697 0.833333
0.969697 0.834577
0.969697 0.835821
0.971429 0.837065
0.971429 0.838308
0.971429 0.839552
0.972222 0.840796
0.972973 0.842040
0.972973 0.843284
0.972973 0.844527
0.974359 0.845771
0.974359 0.847015
0.974359 0.848259
0.974359 0.849502
0.974359 0.850746
0.974359 0.851990
0.974359 0.853234
0.974359 0.854478
0.974359 0.855721
0.974359 0.856965
0.975610 0.858209
0.975610 0.859453
0.975610 0.860697
0.975610 0.861940
0.975610 0.863184
0.975610 0.864428
0.975610 0.865672
0.975610 0.866915
0.975610 0.868159
0.975610 0.869403
0.975610 0.870647
0.975610 0.871891
0.975610 0.873134
0.975610 0.874378
0.975610 0.875622
0.975610 0.876866
0.975610 0.878109
0.975610 0.879353
0.975610 0.880597
0.975610 0.881841
0.975610 0.883085
0.975610 0.884328
0.975610 0.885572
0.975610 0.886816
0.975610 0.888060
0.976744 0.889303
0.976744 0.890547
0.976744 0.891791
0.976744 0.893035
0.976744 0.894279
0.976744 0.895522
0.976744 0.896766
0.976744 0.898010
0.976744 0.899254
0.976744 0.900498
0.976744 0.901741
0.976744 0.902985
0.977273 0.904229
0.977778 0.905473
0.977778 0.906716
0.978723 0.907960
0.978723 0.909204
0.978723 0.910448
0.979592 0.911692
0.979592 0.912935
0.979592 0.914179
0.981132 0.915423
0.982456 0.916667
0.984615 0.917910
0.984615 0.919154
0.985075 0.920398
0.985507 0.921642
0.985915 0.922886
0.988764 0.924129
1.000000 0.925373
1.000000 0.926617
1.000000 0.927861
1.000000 0.929104
1.000000 0.930348
1.000000 0.931592
1.000000 0.932836
1.000000 0.934080
1.000000 0.935323
1.000000 0.936567
1.000000 0.937811
1.000000 0.939055
1.000000 0.940299
1.000000 0.941542
1.000000 0.942786
1.000000 0.944030
1.000000 0.945274
1.000000 0.946517
1.000000 0.947761
1.000000 0.949005
1.000000 0.950249
1.000000 0.951493
1.000000 0.952736
1.000000 0.953980
1.000000 0.955224
1.000000 0.956468
1.000000 0.957711
1.000000 0.958955
1.000000 0.960199
1.000000 0.961443
1.000000 0.962687
1.000000 0.963930
1.000000 0.965174
1.000000 0.966418
1.000000 0.967662
1.000000 0.968905
1.000000 0.970149
1.000000 0.971393
1.000000 0.972637
1.000000 0.973881
1.000000 0.975124
1.000000 0.976368
1.000000 0.977612
1.000000 0.978856
1.000000 0.980100
1.000000 0.981343
1.000000 0.982587
1.000000 0.983831
1.000000 0.985075
1.000000 0.986318
1.000000 0.987562
1.000000 0.988806
1.000000 0.990050
1.000000 0.991294
1.000000 0.992537
1.000000 0.993781
1.000000 0.995025
1.000000 0.996269
1.000000 0.997512
1.000000 0.998756
1.000000 1.000000
