f1 cdf
0 0
0.000000 0.001244
0.000000 0.002488
0.000000 0.003731
0.000000 0.004975
0.000000 0.006219
0.000000 0.007463
0.000000 0.008706
0.000000 0.009950
0.000000 0.011194
0.000000 0.012438
0.051282 0.013682
0.066667 0.014925
0.080000 0.016169
0.125000 0.017413
0.153846 0.018657
0.161290 0.019900
0.166667 0.021144
0.166667 0.022388
0.176471 0.023632
0.176471 0.024876
0.187500 0.026119
0.196721 0.027363
0.200000 0.028607
0.227273 0.029851
0.244898 0.031095
0.246154 0.032338
0.250000 0.033582
0.256410 0.034826
0.260870 0.036070
0.271186 0.037313
0.285714 0.038557
0.285714 0.039801
0.291262 0.041045
0.297297 0.042289
0.299401 0.043532
0.300000 0.044776
0.307692 0.046020
0.307692 0.047264
0.307692 0.048507
0.307692 0.049751
0.309524 0.050995
0.322581 0.052239
0.324324 0.053483
0.330709 0.054726
0.333333 0.055970
0.333333 0.057214
0.333333 0.058458
0.344828 0.059701
0.347826 0.060945
0.347826 0.062189
0.350000 0.063433
0.350877 0.064677
0.357143 0.065920
0.360000 0.067164
0.362319 0.068408
0.363636 0.069652
0.363636 0.070896
0.363636 0.072139
0.390805 0.073383
0.391304 0.074627
0.392857 0.075871
0.395062 0.077114
0.400000 0.078358
0.400000 0.079602
0.400000 0.080846
0.400000 0.082090
0.409357 0.083333
0.411765 0.084577
0.413793 0.085821
0.416667 0.087065
0.416667 0.088308
0.421053 0.089552
0.421053 0.090796
0.421053 0.092040
0.434783 0.093284
0.434783 0.094527
0.437500 0.095771
0.439024 0.097015
0.444444 0.098259
0.451613 0.099502
0.453782 0.100746
0.456140 0.101990
0.456693 0.103234
0.461538 0.104478
0.461538 0.105721
0.461538 0.106965
0.466019 0.108209
0.470588 0.109453
0.470588 0.110697
0.474227 0.111940
0.478873 0.113184
0.480000 0.114428
0.481481 0.115672
0.488889 0.116915
0.489362 0.118159
0.493151 0.119403
0.493827 0.120647
0.496241 0.121891
0.500000 0.123134
0.500000 0.124378
0.500000 0.125622
0.500000 0.126866
0.500000 0.128109
0.500000 0.129353
0.500000 0.130597
0.506024 0.131841
0.512821 0.133085
0.512821 0.134328
0.512821 0.135572
0.512821 0.136816
0.514286 0.138060
0.516129 0.139303
0.521739 0.140547
0.523810 0.141791
0.526316 0.143035
0.533333 0.144279
0.533333 0.145522
0.536585 0.146766
0.538462 0.148010
0.538462 0.149254
0.540230 0.150498
0.544379 0.151741
0.545455 0.152985
0.551724 0.154229
0.551724 0.155473
0.555556 0.156716
0.560000 0.157960
0.560000 0.159204
0.560000 0.160448
0.562500 0.161692
0.568421 0.162935
0.568966 0.164179
0.571429 0.165423
0.571429 0.166667
0.571429 0.167910
0.571429 0.169154
0.571429 0.170398
0.580645 0.171642
0.583333 0.172886
0.584615 0.174129
0.585366 0.175373
0.588235 0.176617
0.588235 0.177861
0.588235 0.179104
0.589928 0.180348
0.591549 0.181592
0.592593 0.182836
0.594595 0.184080
0.595420 0.185323
0.600000 0.186567
0.600000 0.187811
0.600000 0.189055
0.600000 0.190299
0.600000 0.191542
0.600000 0.192786
0.602740 0.194030
0.606061 0.195274
0.606061 0.196517
0.608696 0.197761
0.615385 0.199005
0.615385 0.200249
0.620690 0.201493
0.620690 0.202736
0.620690 0.203980
0.625000 0.205224
0.625000 0.206468
0.625000 0.207711
0.627660 0.208955
0.628571 0.210199
0.628571 0.211443
0.629630 0.212687
0.631579 0.213930
0.631579 0.215174
0.633803 0.216418
0.634146 0.217662
0.636364 0.218905
0.638298 0.220149
0.640000 0.221393
0.642857 0.222637
0.642857 0.223881
0.642857 0.225124
0.644068 0.226368
0.645161 0.227612
0.647059 0.228856
0.649215 0.230100
0.650000 0.231343
0.656716 0.232587
0.666667 0.233831
0.666667 0.235075
0.666667 0.236318
0.666667 0.237562
0.666667 0.238806
0.666667 0.240050
0.666667 0.241294
0.666667 0.242537
0.666667 0.243781
0.666667 0.245025
0.666667 0.246269
0.666667 0.247512
0.666667 0.248756
0.666667 0.250000
0.666667 0.251244
0.673077 0.252488
0.675676 0.253731
0.680851 0.254975
0.688525 0.256219
0.689655 0.257463
0.689655 0.258706
0.690476 0.259950
0.692308 0.261194
0.695652 0.262438
0.695652 0.263682
0.697674 0.264925
0.697674 0.266169
0.698113 0.267413
0.698413 0.268657
0.700000 0.269900
0.700000 0.271144
0.704225 0.272388
0.704225 0.273632
0.705882 0.274876
0.705882 0.276119
0.705882 0.277363
0.708333 0.278607
0.709677 0.279851
0.709677 0.281095
0.709677 0.282338
0.711111 0.283582
0.711111 0.284826
0.714286 0.286070
0.714286 0.287313
0.714286 0.288557
0.714286 0.289801
0.714286 0.291045
0.714286 0.292289
0.716981 0.293532
0.716981 0.294776
0.724138 0.296020
0.727273 0.297264
0.727273 0.298507
0.727273 0.299751
0.727273 0.300995
0.731707 0.302239
0.733333 0.303483
0.733333 0.304726
0.733333 0.305970
0.733333 0.307214
0.734694 0.308458
0.736842 0.309701
0.736842 0.310945
0.736842 0.312189
0.740741 0.313433
0.740741 0.314677
0.742857 0.315920
0.742857 0.317164
0.742857 0.318408
0.742857 0.319652
0.743590 0.320896
0.744186 0.322139
0.745098 0.323383
0.745098 0.324627
0.750000 0.325871
0.750000 0.327114
0.759494 0.328358
0.759494 0.329602
0.764706 0.330846
0.764706 0.332090
0.764706 0.333333
0.765957 0.334577
0.769231 0.335821
0.769231 0.337065
0.769231 0.338308
0.769231 0.339552
0.769231 0.340796
0.771084 0.342040
0.774194 0.343284
0.777778 0.344527
0.777778 0.345771
0.777778 0.347015
0.777778 0.348259
0.782609 0.349502
0.782609 0.350746
0.785714 0.351990
0.785714 0.353234
0.785714 0.354478
0.785714 0.355721
0.786517 0.356965
0.786885 0.358209
0.788732 0.359453
0.789474 0.360697
0.789474 0.361940
0.790698 0.363184
0.791667 0.364428
0.793103 0.365672
0.793651 0.366915
0.800000 0.368159
0.800000 0.369403
0.800000 0.370647
0.800000 0.371891
0.800000 0.373134
0.800000 0.374378
0.800000 0.375622
0.800000 0.376866
0.800000 0.378109
0.801688 0.379353
0.803419 0.380597
0.804124 0.381841
0.805970 0.383085
0.807018 0.384328
0.807018 0.385572
0.810811 0.386816
0.810811 0.388060
0.810811 0.389303
0.810811 0.390547
0.810811 0.391791
0.810811 0.393035
0.812500 0.394279
0.812500 0.395522
0.812500 0.396766
0.813187 0.398010
0.814159 0.399254
0.814815 0.400498
0.814815 0.401741
0.814815 0.402985
0.815534 0.404229
0.820513 0.405473
0.820513 0.406716
0.820513 0.407960
0.820513 0.409204
0.820513 0.410448
0.821429 0.411692
0.821918 0.412935
0.823529 0.414179
0.823529 0.415423
0.823529 0.416667
0.823529 0.417910
0.823529 0.419154
0.823529 0.420398
0.823529 0.421642
0.826923 0.422886
0.829268 0.424129
0.829268 0.425373
0.830189 0.426617
0.830189 0.427861
0.833333 0.429104
0.833333 0.430348
0.833333 0.431592
0.833333 0.432836
0.833333 0.434080
0.835443 0.435323
0.837209 0.436567
0.837209 0.437811
0.837209 0.439055
0.837209 0.440299
0.837209 0.441542
0.842105 0.442786
0.842105 0.444030
0.842105 0.445274
0.842105 0.446517
0.842105 0.447761
0.842105 0.449005
0.842105 0.450249
0.842105 0.451493
0.844444 0.452736
0.844444 0.453980
0.846154 0.455224
0.846154 0.456468
0.848485 0.457711
0.850000 0.458955
0.850000 0.460199
0.850575 0.461443
0.851064 0.462687
0.852459 0.463930
0.857143 0.465174
0.857143 0.466418
0.857143 0.467662
0.857143 0.468905
0.857143 0.470149
0.857143 0.471393
0.857143 0.472637
0.857143 0.473881
0.857143 0.475124
0.857143 0.476368
0.857143 0.477612
0.857143 0.478856
0.857143 0.480100
0.857143 0.481343
0.859813 0.482587
0.862069 0.483831
0.864865 0.485075
0.864865 0.486318
0.864865 0.487562
0.864865 0.488806
0.864865 0.490050
0.865672 0.491294
0.866667 0.492537
0.869565 0.493781
0.869565 0.495025
0.869565 0.496269
0.870968 0.497512
0.871795 0.498756
0.871795 0.500000
0.871795 0.501244
0.871795 0.502488
0.871795 0.503731
0.871795 0.504975
0.873239 0.506219
0.875000 0.507463
0.875000 0.508706
0.875000 0.509950
0.878049 0.511194
0.878049 0.512438
0.878049 0.513682
0.878049 0.514925
0.878049 0.516169
0.878049 0.517413
0.880000 0.518657
0.880000 0.519900
0.881356 0.521144
0.881356 0.522388
0.882353 0.523632
0.883721 0.524876
0.883721 0.526119
0.884615 0.527363
0.888889 0.528607
0.888889 0.529851
0.888889 0.531095
0.888889 0.532338
0.888889 0.533582
0.888889 0.534826
0.888889 0.536070
0.888889 0.537313
0.888889 0.538557
0.888889 0.539801
0.888889 0.541045
0.888889 0.542289
0.888889 0.543532
0.888889 0.544776
0.888889 0.546020
0.888889 0.547264
0.893617 0.548507
0.893617 0.549751
0.893617 0.550995
0.893617 0.552239
0.893617 0.553483
0.894737 0.554726
0.894737 0.555970
0.894737 0.557214
0.894737 0.558458
0.894737 0.559701
0.894737 0.560945
0.894737 0.562189
0.894737 0.563433
0.894737 0.564677
0.896552 0.565920
0.896552 0.567164
0.897959 0.568408
0.898551 0.569652
0.900000 0.570896
0.900000 0.572139
0.900000 0.573383
0.900000 0.574627
0.900000 0.575871
0.903226 0.577114
0.903226 0.578358
0.904762 0.579602
0.904762 0.580846
0.904762 0.582090
0.904762 0.583333
0.904762 0.584577
0.904762 0.585821
0.906250 0.587065
0.909091 0.588308
0.909091 0.589552
0.909091 0.590796
0.909091 0.592040
0.909091 0.593284
0.909091 0.594527
0.909091 0.595771
0.909091 0.597015
0.909091 0.598259
0.909091 0.599502
0.909091 0.600746
0.912281 0.601990
0.913043 0.603234
0.913043 0.604478
0.913043 0.605721
0.913043 0.606965
0.914286 0.608209
0.914286 0.609453
0.914286 0.610697
0.914286 0.611940
0.914286 0.613184
0.914286 0.614428
0.914286 0.615672
0.915254 0.616915
0.916667 0.618159
0.916667 0.619403
0.916667 0.620647
0.916667 0.621891
0.918919 0.623134
0.918919 0.624378
0.918919 0.625622
0.918919 0.626866
0.918919 0.628109
0.918919 0.629353
0.918919 0.630597
0.918919 0.631841
0.920635 0.633085
0.923077 0.634328
0.923077 0.635572
0.923077 0.636816
0.923077 0.638060
0.923077 0.639303
0.923077 0.640547
0.923077 0.641791
0.923077 0.643035
0.923077 0.644279
0.923077 0.645522
0.923077 0.646766
0.923077 0.648010
0.923077 0.649254
0.923077 0.650498
0.923077 0.651741
0.923077 0.652985
0.923077 0.654229
0.923077 0.655473
0.923077 0.656716
0.923077 0.657960
0.923077 0.659204
0.923077 0.660448
0.923077 0.661692
0.923077 0.662935
0.925926 0.664179
0.926829 0.665423
0.926829 0.666667
0.926829 0.667910
0.926829 0.669154
0.926829 0.670398
0.926829 0.671642
0.926829 0.672886
0.926829 0.674129
0.926829 0.675373
0.928571 0.676617
0.928571 0.677861
0.928571 0.679104
0.928571 0.680348
0.928571 0.681592
0.928571 0.682836
0.930233 0.684080
0.930233 0.685323
0.930233 0.686567
0.930233 0.687811
0.933333 0.689055
0.933333 0.690299
0.933333 0.691542
0.933333 0.692786
0.933333 0.694030
0.933333 0.695274
0.933333 0.696517
0.933333 0.697761
0.933333 0.699005
0.933333 0.700249
0.933333 0.701493
0.933333 0.702736
0.933333 0.703980
0.936170 0.705224
0.936170 0.706468
0.936170 0.707711
0.937500 0.708955
0.937500 0.710199
0.941176 0.711443
0.941176 0.712687
0.941176 0.713930
0.941176 0.715174
0.941176 0.716418
0.941176 0.717662
0.941176 0.718905
0.941176 0.720149
0.941176 0.721393
0.941176 0.722637
0.941176 0.723881
0.941176 0.725124
0.941176 0.726368
0.943396 0.727612
0.944444 0.728856
0.944444 0.730100
0.944444 0.731343
0.944444 0.732587
0.947368 0.733831
0.947368 0.735075
0.947368 0.736318
0.947368 0.737562
0.947368 0.738806
0.948718 0.740050
0.950000 0.741294
0.950000 0.742537
0.950000 0.743781
0.950000 0.745025
0.950000 0.746269
0.950000 0.747512
0.950000 0.748756
0.950000 0.750000
0.950000 0.751244
0.950000 0.752488
0.950000 0.753731
0.950000 0.754975
0.950000 0.756219
0.950000 0.757463
0.950000 0.758706
0.950000 0.759950
0.950000 0.761194
0.950000 0.762438
0.950000 0.763682
0.950000 0.764925
0.950820 0.766169
0.952381 0.767413
0.952381 0.768657
0.952381 0.769900
0.952381 0.771144
0.952381 0.772388
0.952381 0.773632
0.952381 0.774876
0.952381 0.776119
0.952381 0.777363
0.952381 0.778607
0.952381 0.779851
0.952381 0.781095
0.952381 0.782338
0.952381 0.783582
0.952381 0.784826
0.952381 0.786070
0.954545 0.787313
0.954545 0.788557
0.955224 0.789801
0.955556 0.791045
0.956522 0.792289
0.956522 0.793532
0.956522 0.794776
0.956522 0.796020
0.956522 0.797264
0.956522 0.798507
0.958333 0.799751
0.960000 0.800995
0.960000 0.802239
0.960000 0.803483
0.960000 0.804726
0.960000 0.805970
0.960000 0.807214
0.960000 0.808458
0.962963 0.809701
0.962963 0.810945
0.962963 0.812189
0.962963 0.813433
0.962963 0.814677
0.964286 0.815920
0.965517 0.817164
0.965517 0.818408
0.965517 0.819652
0.965517 0.820896
0.965517 0.822139
0.966667 0.823383
0.966667 0.824627
0.967742 0.825871
0.967742 0.827114
0.967742 0.828358
0.968421 0.829602
0.968750 0.830846
0.969072 0.832090
0.969697 0.833333
0.969697 0.834577
0.969697 0.835821
0.971429 0.837065
0.971429 0.838308
0.972222 0.839552
0.972973 0.840796
0.972973 0.842040
0.972973 0.843284
0.972973 0.844527
0.974359 0.845771
0.974359 0.847015
0.974359 0.848259
0.974359 0.849502
0.974359 0.850746
0.974359 0.851990
0.974359 0.853234
0.974359 0.854478
0.974359 0.855721
0.974359 0.856965
0.975610 0.858209
0.975610 0.859453
0.975610 0.860697
0.975610 0.861940
0.975610 0.863184
0.975610 0.864428
0.975610 0.865672
0.975610 0.866915
0.975610 0.868159
0.975610 0.869403
0.975610 0.870647
0.975610 0.871891
0.975610 0.873134
0.975610 0.874378
0.975610 0.875622
0.975610 0.876866
0.975610 0.878109
0.975610 0.879353
0.975610 0.880597
0.975610 0.881841
0.975610 0.883085
0.975610 0.884328
0.975610 0.885572
0.976744 0.886816
0.976744 0.888060
0.976744 0.889303
0.976744 0.890547
0.976744 0.891791
0.976744 0.893035
0.976744 0.894279
0.976744 0.895522
0.976744 0.896766
0.976744 0.898010
0.977273 0.899254
0.977778 0.900498
0.977778 0.901741
0.978723 0.902985
0.978723 0.904229
0.979592 0.905473
0.979592 0.906716
0.980392 0.907960
0.981132 0.909204
0.982456 0.910448
0.984615 0.911692
0.985075 0.912935
0.985507 0.914179
0.985507 0.915423
0.985915 0.916667
0.988764 0.917910
1.000000 0.919154
1.000000 0.920398
1.000000 0.921642
1.000000 0.922886
1.000000 0.924129
1.000000 0.925373
1.000000 0.926617
1.000000 0.927861
1.000000 0.929104
1.000000 0.930348
1.000000 0.931592
1.000000 0.932836
1.000000 0.934080
1.000000 0.935323
1.000000 0.936567
1.000000 0.937811
1.000000 0.939055
1.000000 0.940299
1.000000 0.941542
1.000000 0.942786
1.000000 0.944030
1.000000 0.945274
1.000000 0.946517
1.000000 0.947761
1.000000 0.949005
1.000000 0.950249
1.000000 0.951493
1.000000 0.952736
1.000000 0.953980
1.000000 0.955224
1.000000 0.956468
1.000000 0.957711
1.000000 0.958955
1.000000 0.960199
1.000000 0.961443
1.000000 0.962687
1.000000 0.963930
1.000000 0.965174
1.000000 0.966418
1.000000 0.967662
1.000000 0.968905
1.000000 0.970149
1.000000 0.971393
1.000000 0.972637
1.000000 0.973881
1.000000 0.975124
1.000000 0.976368
1.000000 0.977612
1.000000 0.978856
1.000000 0.980100
1.000000 0.981343
1.000000 0.982587
1.000000 0.983831
1.000000 0.985075
1.000000 0.986318
1.000000 0.987562
1.000000 0.988806
1.000000 0.990050
1.000000 0.991294
1.000000 0.992537
1.000000 0.993781
1.000000 0.995025
1.000000 0.996269
1.000000 0.997512
1.000000 0.998756
1.000000 1.000000
